1 1 1000.00 Travel 10 1 2023
2 2 500.00 Food 15 1 2023
29 2 2300.00 Travel 25 6 2023
30 2 1300.00 Food 5 7 2023
31 2 2800.00 Rent 10 7 2023
32 2 700.00 Leisure 15 7 2023
3 3 2000.00 Rent 20 1 2023
33 3 2400.00 Travel 20 7 2023
5 5 1500.00 Travel 5 2 2023
6 6 700.00 Food 10 2 2023
7 7 2500.00 Rent 15 2 2023
35 3 2900.00 Rent 5 8 2023
36 3 800.00 Leisure 10 8 2023
4 4 300.00 Leisure 25 1 2023
37 4 2500.00 Travel 15 8 2023
38 4 1500.00 Food 20 8 2023
39 4 3000.00 Rent 25 8 2023
10 10 600.00 Food 5 3 2023
11 11 2200.00 Rent 10 3 2023
12 12 350.00 Leisure 15 3 2023
13 13 2000.00 Travel 20 3 2023
14 14 800.00 Food 25 3 2023
17 17 1900.00 Travel 15 4 2023
21 21 2100.00 Travel 10 5 2023
22 22 1000.00 Food 15 5 2023
24 24 550.00 Leisure 25 5 2023
25 25 2200.00 Travel 5 6 2023
26 1 1200.00 Food 10 6 2023
27 1 2600.00 Rent 15 6 2023
28 1 600.00 Leisure 20 6 2023
18 18 900.00 Food 20 4 2023
19 19 2300.00 Rent 25 4 2023
20 20 500.00 Leisure 5 5 2023
8 8 400.00 Leisure 20 2 2023
9 9 1800.00 Travel 25 2 2023
34 3 1400.00 Food 25 7 2023
15 16 2700.00 Rent 5 4 2023
40 16 900.00 Leisure 5 9 2023
16 16 450.00 Leisure 10 4 2023
47 1 350.00 Other 11 4 2023
55 6 670.00 Other 21 7 2023